0000000000000000
0000000000000000
0000000000000000
0000000000000000
0000000000000000
0000000000000000
0000000000000000
0000000000000000
0000000000000000
0000000000000000
0000000000000000
1000000000000000
0100000000000000
0010000000000000
0001000000000000
0000100000000000
0000010000000000
0000001000000000
0000000100000000
0000000010000000
0000000001000000
0000000000100000
0000000000010000
1000000000001000
1100000000000100
1110000000000010
0111000000000001
0011100000000000
1001110000000000
0100111000000000
0010011100000000
0001001110000000
0000100111000000
0000010011100000
0000001001110000
0000000100111000
0000000010011100
0000000001001110
0000000000100111
0000000000010011
0000000000001001
0000000000000100
0000000000000010
0000000000000001
0000000000000000
0000000000000000
0000000000000000
0000000000000000
0000000000000000
0000000000000000
0000000000000000
0000000000000000
0000000000000000
0000000000000000
0000000000000000
0000000000000000
0000000000000000
0000000000000000
0000000000000000
0000000000000000
0000000000000000
0000000000000000
0000000000000000
0000000000000000
0000000000000000
0000000000000000
0000000000000000
0000000000000000
0000000000000000
0000000000000000
0000000000000000
0000000000000000
0000000000000000
0000000000000000
0000000000000000
0000000000000000
1000000000000000
1100000000000000
0110000000000000
0011000000000000
0001100000000000
0000110000000000
0000011000000000
0000001100000000
1000000110000000
0100000011000000
1010000001100000
0101000000110000
1010100000011000
0101010000001100
0010101000000110
0001010100000011
0000101010000001
0000010101000000
0000001010100000
0000000101010000
0000000010101000
0000000001010100
0000000000101010
0000000000010101
0000000000001010
0000000000000101
0000000000000010
0000000000000001
0000000000000000
0000000000000000
0000000000000000
0000000000000000
0000000000000000
0000000000000000
0000000000000000
0000000000000000
0000000000000000
0000000000000000
0000000000000000
0000000000000000
0000000000000000
0000000000000000
0000000000000000
0000000000000000
0000000000000000
0000000000000000
0000000000000000
0000000000000000
0000000000000000
0000000000000000
0000000000000000
0000000000000000
0000000000000000
0000000000000000
0000000000000000
0000000000000000
0000000000000000
0000000000000000
0000000000000000
0000000000000000
0000000000000000
0000000000000000
0000000000000000
0000000000000000
0000000000000000
0000000000000000
0000000000000000
0000000000000000
0000000000000000
0000000000000000
0000000000000000
0000000000000000
0000000000000000
0000000000000000
0000000000000000
1000000000000000
0100000000000000
0010000000000000
0001000000000000
0000100000000000
0000010000000000
0000001000000000
0000000100000000
0000000010000000
1000000001000000
0100000000100000
1010000000010000
0101000000001000
0010100000000100
0001010000000010
0000101000000001
0000010100000000
0000001010000000
0000000101000000
0000000010100000
0000000001010000
0000000000101000
0000000000010100
0000000000001010
1000000000000101
0100000000000010
0010000000000001
0001000000000000
0000100000000000
0000010000000000
0000001000000000
0000000100000000
0000000010000000
0000000001000000
0000000000100000
0000000000010000
0000000000001000
0000000000000100
0000000000000010
0000000000000001
0000000000000000
0000000000000000
0000000000000000
0000000000000000
0000000000000000
0000000000000000
0000000000000000
0000000000000000
0000000000000000
0000000000000000
0000000000000000
0000000000000000
0000000000000000
0000000000000000
0000000000000000
0000000000000000
0000000000000000
0000000000000000
0000000000000000
0000000000000000
0000000000000000
0000000000000000
0000000000000000
0000000000000000
0000000000000000
0000000000000000
0000000000000000
0000000000000000
0000000000000000
0000000000000000
0000000000000000
0000000000000000
0000000000000000
0000000000000000
0000000000000000
0000000000000000
0000000000000000
0000000000000000
0000000000000000
0000000000000000
0000000000000000
0000000000000000
0000000000000000
1000000000000000
0100000000000000
0010000000000000
0001000000000000
0000100000000000
0000010000000000
0000001000000000
0000000100000000
0000000010000000
0000000001000000
0000000000100000
1000000000010000
1100000000001000
0110000000000100
0011000000000010
0001100000000001
0000110000000000
0000011000000000
0000001100000000
0000000110000000
0000000011000000
0000000001100000
0000000000110000
0000000000011000
0000000000001100
0000000000000110
0000000000000011
0000000000000001
0000000000000000
0000000000000000
0000000000000000
0000000000000000
0000000000000000
0000000000000000
0000000000000000
0000000000000000
0000000000000000
0000000000000000
0000000000000000
0000000000000000
0000000000000000
0000000000000000
0000000000000000
0000000000000000
0000000000000000
0000000000000000
0000000000000000
0000000000000000
0000000000000000
0000000000000000
0000000000000000
0000000000000000
0000000000000000
0000000000000000
0000000000000000
0000000000000000
0000000000000000
0000000000000000
0000000000000000
0000000000000000
0000000000000000
0000000000000000
0000000000000000
0000000000000000
0000000000000000
0000000000000000
1000000000000000
0100000000000000
0010000000000000
0001000000000000
0000100000000000
0000010000000000
0000001000000000
1000000100000000
0100000010000000
1010000001000000
0101000000100000
1010100000010000
0101010000001000
0010101000000100
0001010100000010
0000101010000001
0000010101000000
0000001010100000
0000000101010000
0000000010101000
0000000001010100
0000000000101010
0000000000010101
0000000000001010
0000000000000101
0000000000000010
0000000000000001
0000000000000000
0000000000000000
0000000000000000
0000000000000000
0000000000000000
0000000000000000
0000000000000000
0000000000000000
0000000000000000
0000000000000000
0000000000000000
0000000000000000
0000000000000000
0000000000000000
0000000000000000
0000000000000000
0000000000000000
0000000000000000
0000000000000000
0000000000000000
0000000000000000
0000000000000000
0000000000000000
0000000000000000
0000000000000000
0000000000000000
0000000000000000
0000000000000000
0000000000000000
0000000000000000
0000000000000000
0000000000000000
0000000000000000
0000000000000000
0000000000000000
0000000000000000
0000000000000000
0000000000000000
0000000000000000
0000000000000000
0000000000000000
0000000000000000
0000000000000000
0000000000000000
0000000000000000
0000000000000000
0000000000000000
0000000000000000
0000000000000000
0000000000000000
0000000000000000
0000000000000000
0000000000000000
0000000000000000
0000000000000000
0000000000000000
1000000000000000
0100000000000000
0010000000000000
0001000000000000
0000100000000000
0000010000000000
1000001000000000
0100000100000000
0010000010000000
0001000001000000
0000100000100000
0000010000010000
0000001000001000
0000000100000100
0000000010000010
0000000001000001
0000000000100000
0000000000010000
0000000000001000
0000000000000100
0000000000000010
0000000000000001
0000000000000000
0000000000000000
0000000000000000
0000000000000000
0000000000000000
0000000000000000
0000000000000000
0000000000000000
0000000000000000
0000000000000000
0000000000000000
0000000000000000
0000000000000000
0000000000000000
0000000000000000
0000000000000000
0000000000000000
0000000000000000
0000000000000000
0000000000000000
0000000000000000
0000000000000000
0000000000000000
0000000000000000
0000000000000000
0000000000000000
0000000000000000
0000000000000000
0000000000000000
0000000000000000
0000000000000000
0000000000000000
0000000000000000
0000000000000000
0000000000000000
0000000000000000
0000000000000000
0000000000000000
0000000000000000
0000000000000000
0000000000000000
0000000000000000
0000000000000000
1000000000000000
0100000000000000
0010000000000000
0001000000000000
0000100000000000
0000010000000000
0000001000000000
1000000100000000
0100000010000000
1010000001000000
0101000000100000
0010100000010000
0001010000001000
0000101000000100
0000010100000010
0000001010000001
0000000101000000
0000000010100000
0000000001010000
0000000000101000
0000000000010100
0000000000001010
0000000000000101
0000000000000010
0000000000000001
0000000000000000
0000000000000000
0000000000000000
0000000000000000
0000000000000000
0000000000000000
0000000000000000
0000000000000000
0000000000000000
0000000000000000
0000000000000000
0000000000000000
0000000000000000
0000000000000000
0000000000000000
0000000000000000
0000000000000000
0000000000000000
0000000000000000
0000000000000000
0000000000000000
0000000000000000
0000000000000000
0000000000000000
0000000000000000
0000000000000000
0000000000000000
0000000000000000
0000000000000000
0000000000000000
0000000000000000
0000000000000000
0000000000000000
0000000000000000
0000000000000000
0000000000000000
0000000000000000
0000000000000000
0000000000000000
0000000000000000
0000000000000000
0000000000000000
0000000000000000
0000000000000000
0000000000000000
0000000000000000
0000000000000000
0000000000000000
0000000000000000
1000000000000000
0100000000000000
0010000000000000
0001000000000000
0000100000000000
0000010000000000
0000001000000000
0000000100000000
0000000010000000
1000000001000000
0100000000100000
1010000000010000
0101000000001000
0010100000000100
0001010000000010
1000101000000001
0100010100000000
0010001010000000
0001000101000000
0000100010100000
0000010001010000
0000001000101000
0000000100010100
0000000010001010
0000000001000101
0000000000100010
0000000000010001
0000000000001000
0000000000000100
0000000000000010
0000000000000001
0000000000000000
0000000000000000
0000000000000000
0000000000000000
0000000000000000
0000000000000000
0000000000000000
0000000000000000
0000000000000000
0000000000000000
0000000000000000
0000000000000000
0000000000000000
0000000000000000
0000000000000000
0000000000000000
0000000000000000
0000000000000000
0000000000000000
0000000000000000
0000000000000000
0000000000000000
0000000000000000
0000000000000000
0000000000000000
0000000000000000
0000000000000000
0000000000000000
0000000000000000
0000000000000000
0000000000000000
0000000000000000
0000000000000000
0000000000000000
0000000000000000
0000000000000000
0000000000000000
0000000000000000
0000000000000000
0000000000000000
0000000000000000
0000000000000000
0000000000000000
0000000000000000
0000000000000000
0000000000000000
0000000000000000
0000000000000000
0000000000000000
0000000000000000
0000000000000000
0000000000000000
1000000000000000
0100000000000000
1010000000000000
0101000000000000
0010100000000000
0001010000000000
0000101000000000
0000010100000000
0000001010000000
0000000101000000
0000000010100000
0000000001010000
1000000000101000
0100000000010100
0010000000001010
0001000000000101
0000100000000010
1000010000000001
1100001000000000
0110000100000000
0011000010000000
0001100001000000
0000110000100000
0000011000010000
0000001100001000
0000000110000100
0000000011000010
0000000001100001
0000000000110000
0000000000011000
0000000000001100
0000000000000110
0000000000000011
0000000000000001
0000000000000000
0000000000000000
0000000000000000
0000000000000000
0000000000000000
0000000000000000
0000000000000000
0000000000000000
0000000000000000
0000000000000000
0000000000000000
0000000000000000
0000000000000000
0000000000000000
0000000000000000
0000000000000000
0000000000000000
0000000000000000
0000000000000000
0000000000000000
0000000000000000
0000000000000000
0000000000000000
0000000000000000
0000000000000000
0000000000000000
0000000000000000
0000000000000000
0000000000000000
0000000000000000
0000000000000000
1000000000000000
0100000000000000
0010000000000000
0001000000000000
0000100000000000
0000010000000000
0000001000000000
0000000100000000
1000000010000000
0100000001000000
1010000000100000
1101000000010000
0110100000001000
0011010000000100
0001101000000010
0000110100000001
0000011010000000
0000001101000000
0000000110100000
0000000011010000
0000000001101000
0000000000110100
0000000000011010
0000000000001101
0000000000000110
0000000000000011
0000000000000001
0000000000000000
0000000000000000
0000000000000000
0000000000000000
0000000000000000
0000000000000000
0000000000000000
0000000000000000
0000000000000000
0000000000000000
0000000000000000
0000000000000000
0000000000000000
0000000000000000
0000000000000000
0000000000000000
0000000000000000
0000000000000000
0000000000000000
0000000000000000
0000000000000000
0000000000000000
0000000000000000
0000000000000000
0000000000000000
0000000000000000
0000000000000000
0000000000000000
0000000000000000
0000000000000000
0000000000000000
0000000000000000
0000000000000000
0000000000000000
0000000000000000
0000000000000000
0000000000000000
0000000000000000
0000000000000000
0000000000000000
0000000000000000
0000000000000000
0000000000000000
0000000000000000
0000000000000000
0000000000000000
0000000000000000
1000000000000000
0100000000000000
0010000000000000
0001000000000000
0000100000000000
0000010000000000
0000001000000000
0000000100000000
0000000010000000
1000000001000000
0100000000100000
1010000000010000
0101000000001000
0010100000000100
0001010000000010
0000101000000001
0000010100000000
0000001010000000
0000000101000000
0000000010100000
0000000001010000
0000000000101000
0000000000010100
0000000000001010
0000000000000101
0000000000000010
0000000000000001
0000000000000000
0000000000000000
0000000000000000
0000000000000000
0000000000000000
0000000000000000
0000000000000000
0000000000000000
0000000000000000
0000000000000000
0000000000000000
0000000000000000
0000000000000000
0000000000000000
0000000000000000
0000000000000000
0000000000000000
0000000000000000
0000000000000000
0000000000000000
0000000000000000
0000000000000000
0000000000000000
0000000000000000
0000000000000000
0000000000000000
0000000000000000
0000000000000000
0000000000000000
0000000000000000
0000000000000000
0000000000000000
0000000000000000
0000000000000000
0000000000000000
0000000000000000
0000000000000000
0000000000000000
0000000000000000
0000000000000000
0000000000000000
0000000000000000
0000000000000000
0000000000000000
0000000000000000
0000000000000000
0000000000000000
0000000000000000
0000000000000000
0000000000000000
0000000000000000
0000000000000000
0000000000000000
0000000000000000
0000000000000000
0000000000000000
0000000000000000
0000000000000000
0000000000000000
0000000000000000
0000000000000000
0000000000000000
0000000000000000
0000000000000000
0000000000000000
0000000000000000
0000000000000000
0000000000000000
1000000000000000
0100000000000000
1010000000000000
0101000000000000
0010100000000000
0001010000000000
1000101000000000
0100010100000000
0010001010000000
0001000101000000
0000100010100000
0000010001010000
1000001000101000
0100000100010100
0010000010001010
0001000001000101
0000100000100010
0000010000010001
1000001000001000
0100000100000100
0010000010000010
0001000001000001
0000100000100000
0000010000010000
0000001000001000
0000000100000100
0000000010000010
0000000001000001
0000000000100000
0000000000010000
0000000000001000
0000000000000100
0000000000000010
0000000000000001
0000000000000000
0000000000000000
0000000000000000
0000000000000000
0000000000000000
0000000000000000
0000000000000000
0000000000000000
0000000000000000
0000000000000000
0000000000000000
0000000000000000
0000000000000000
0000000000000000
0000000000000000
0000000000000000
0000000000000000
0000000000000000
0000000000000000
0000000000000000
0000000000000000
1000000000000000
0100000000000000
0010000000000000
0001000000000000
0000100000000000
0000010000000000
0000001000000000
1000000100000000
0100000010000000
1010000001000000
0101000000100000
1010100000010000
0101010000001000
1010101000000100
0101010100000010
1010101010000001
0101010101000000
0010101010100000
0001010101010000
0000101010101000
0000010101010100
0000001010101010
0000000101010101
0000000010101010
0000000001010101
0000000000101010
0000000000010101
0000000000001010
0000000000000101
0000000000000010
0000000000000001
0000000000000000
0000000000000000
0000000000000000
0000000000000000
0000000000000000
0000000000000000
0000000000000000
0000000000000000
0000000000000000
0000000000000000
0000000000000000
0000000000000000
0000000000000000
0000000000000000
0000000000000000
0000000000000000
0000000000000000
0000000000000000
0000000000000000
0000000000000000
0000000000000000
0000000000000000
0000000000000000
0000000000000000
0000000000000000
0000000000000000
0000000000000000
0000000000000000
0000000000000000
0000000000000000
0000000000000000
0000000000000000
0000000000000000
0000000000000000
0000000000000000
0000000000000000
0000000000000000
0000000000000000
0000000000000000
0000000000000000
0000000000000000
0000000000000000
0000000000000000
1000000000000000
0100000000000000
0010000000000000
0001000000000000
0000100000000000
0000010000000000
0000001000000000
0000000100000000
1000000010000000
0100000001000000
0010000000100000
1001000000010000
0100100000001000
0010010000000100
0001001000000010
0000100100000001
0000010010000000
0000001001000000
0000000100100000
0000000010010000
0000000001001000
0000000000100100
0000000000010010
0000000000001001
1000000000000100
0100000000000010
1010000000000001
0101000000000000
0010100000000000
0001010000000000
0000101000000000
0000010100000000
